<svg xmlns="http://www.w3.org/2000/svg" xmlns:xlink="http://www.w3.org/1999/xlink" width="192.655" height="207.893" viewBox="0 0 192.655 207.893">
  <defs>
    <filter id="Ellipse_9" x="0" y="0" width="192.655" height="207.893" filterUnits="userSpaceOnUse">
      <feOffset dy="3" input="SourceAlpha"/>
      <feGaussianBlur stdDeviation="3" result="blur"/>
      <feFlood flood-opacity="0.161"/>
      <feComposite operator="in" in2="blur"/>
      <feComposite in="SourceGraphic"/>
    </filter>
  </defs>
  <g transform="matrix(1, 0, 0, 1, 0, 0)" filter="url(#Ellipse_9)">
    <g id="Ellipse_9-2" data-name="Ellipse 9" fill="#e26473">
      <path d="M90.4,12.446a85.8,85.8,0,0,1,34.754,4.741,87.169,87.169,0,0,1,29.811,18.024,89.488,89.488,0,0,1,0,131.47,87.169,87.169,0,0,1-29.811,18.024,86.378,86.378,0,0,1-67.718-4.313,87.646,87.646,0,0,1-25.686-19.733,89.591,89.591,0,0,1,0-119.424A87.646,87.646,0,0,1,57.434,21.5,86.01,86.01,0,0,1,90.4,12.446Z" stroke="none"/>
      <path d="M 90.39830780029297 188.4464874267578 C 91.86207580566406 188.5465393066406 93.32894897460938 188.6092071533203 94.79639434814453 188.6345062255859 C 96.26717376708984 188.6598205566406 97.73851776123047 188.6475830078125 99.20783233642578 188.5977172851562 C 100.6804962158203 188.5477447509766 102.1511154174805 188.4599761962891 103.6170806884766 188.3344116210938 C 105.0863571166992 188.2085266113281 106.5509185791016 188.0446624755859 108.0081024169922 187.8427581787109 C 109.4310607910156 187.6455688476562 110.8512954711914 187.4115905761719 112.2662963867188 187.1412353515625 C 113.6844024658203 186.8703002929688 115.0972366333008 186.5628509521484 116.5022964477539 186.2194061279297 C 117.9103775024414 185.8752288818359 119.3106384277344 185.494873046875 120.7005157470703 185.0788269042969 C 122.0933532714844 184.6619262695312 123.475715637207 184.2091827392578 124.8450317382812 183.72119140625 C 126.1918792724609 183.2411956787109 127.5294570922852 182.7258758544922 128.8554534912109 182.1762390136719 C 130.1841278076172 181.6255035400391 131.5011138916016 181.0402984619141 132.8040466308594 180.4216613769531 C 134.1095428466797 179.8018188476562 135.4008941650391 179.1483917236328 136.6757354736328 178.4624633789062 C 137.9529724121094 177.7751770019531 139.2135772705078 177.0553131103516 140.455078125 176.3038330078125 C 141.6865386962891 175.5583953857422 142.9018402099609 174.7803344726562 144.0988922119141 173.9711151123047 C 145.2980651855469 173.160400390625 146.4788360595703 172.3184661865234 147.6390533447266 171.4467468261719 C 148.8012847900391 170.5735015869141 149.9428253173828 169.6704406738281 151.0614929199219 168.7390594482422 C 152.1820678710938 167.80615234375 153.2796325683594 166.8448486328125 154.3520202636719 165.8567810058594 C 155.4254760742188 164.8676605224609 156.4758605957031 163.8497467041016 157.5013275146484 162.8048858642578 C 158.5283660888672 161.7584381103516 159.5303192138672 160.68505859375 160.5054168701172 159.5867004394531 C 161.4819030761719 158.4867248535156 162.4313507080078 157.3617706298828 163.3519439697266 156.2137908935547 C 164.2737579345703 155.0642242431641 165.1665496826172 153.8916931152344 166.0284729003906 152.6980895996094 C 166.8992309570312 151.4923400878906 167.740234375 150.2625579833984 168.5501708984375 149.0110931396484 C 169.361083984375 147.7581176757812 170.1407318115234 146.4834747314453 170.8877105712891 145.1895294189453 C 171.6355438232422 143.8941497802734 172.3505401611328 142.5795135498047 173.0313415527344 141.2479858398438 C 173.7128295898438 139.9151153564453 174.3599243164062 138.5654449462891 174.9712677001953 137.2013092041016 C 175.5940704345703 135.8115234375 176.1812896728516 134.4033050537109 176.7319946289062 132.9792327880859 C 177.2831115722656 131.5540161132812 177.7975769042969 130.1130828857422 178.2744903564453 128.6591186523438 C 178.7517395019531 127.2041244506836 179.1912994384766 125.7361907958984 179.59228515625 124.2580184936523 C 179.9935150146484 122.7789611816406 180.3560333251953 121.289794921875 180.6790161132812 119.7931976318359 C 181.0104675292969 118.2572021484375 181.3012237548828 116.7087097167969 181.5509185791016 115.150634765625 C 181.8007049560547 113.5919952392578 182.0093536376953 112.0239181518555 182.1765441894531 110.4493179321289 C 182.3437957763672 108.8743286132812 182.4695434570312 107.2930145263672 182.5534973144531 105.7082443237305 C 182.637451171875 104.1232757568359 182.6795959472656 102.5350646972656 182.6795959472656 100.9464950561523 C 182.6795959472656 99.35792541503906 182.637451171875 97.76969909667969 182.5534973144531 96.18473052978516 C 182.4695434570312 94.59996795654297 182.3437957763672 93.01863861083984 182.1765441894531 91.44365692138672 C 182.0093536376953 89.86905670166016 181.8007049560547 88.30100250244141 181.5509185791016 86.74235534667969 C 181.3012237548828 85.18428039550781 181.0104675292969 83.63579559326172 180.6790161132812 82.09980773925781 C 180.3560333251953 80.60321044921875 179.9935150146484 79.11405181884766 179.59228515625 77.63500213623047 C 179.1912994384766 76.15680694580078 178.7517395019531 74.68888092041016 178.2744903564453 73.23387908935547 C 177.7975769042969 71.77988433837891 177.2831115722656 70.33896636962891 176.7319946289062 68.91374969482422 C 176.1812896728516 67.48968505859375 175.5940704345703 66.08145141601562 174.9712677001953 64.69168090820312 C 174.3599243164062 63.32754516601562 173.7128295898438 61.97786712646484 173.0313415527344 60.64500427246094 C 172.3505401611328 59.31346130371094 171.6355438232422 57.99883651733398 170.8877105712891 56.70346069335938 C 170.1407318115234 55.40951156616211 169.361083984375 54.13489151000977 168.5501708984375 52.88191223144531 C 167.740234375 51.63043212890625 166.8992309570312 50.40066528320312 166.0284729003906 49.19490432739258 C 165.1665496826172 48.00132751464844 164.2737579345703 46.82877349853516 163.3519439697266 45.67922210693359 C 162.4313507080078 44.53123474121094 161.4819030761719 43.40628051757812 160.5054168701172 42.30631256103516 C 159.5303192138672 41.20793914794922 158.5283660888672 40.13456344604492 157.5013275146484 39.08811950683594 C 156.4758605957031 38.04327011108398 155.4254760742188 37.02533721923828 154.3520202636719 36.0362434387207 C 153.2796325683594 35.04815292358398 152.1820678710938 34.08688354492188 151.0614929199219 33.15394973754883 C 149.9428253173828 32.22257995605469 148.8012847900391 31.31952285766602 147.6390533447266 30.44628524780273 C 146.4788360595703 29.57456207275391 145.2980651855469 28.73260879516602 144.0988922119141 27.92190742492676 C 142.9018402099609 27.11266136169434 141.6865386962891 26.33460235595703 140.455078125 25.58919334411621 C 139.2135772705078 24.83770942687988 137.9529724121094 24.1178150177002 136.6757354736328 23.43054962158203 C 135.4008941650391 22.74460029602051 134.1095428466797 22.09118843078613 132.8040466308594 21.47132682800293 C 131.5011138916016 20.85268783569336 130.1841278076172 20.26749992370605 128.8554534912109 19.71675682067871 C 127.5294570922852 19.1671199798584 126.1918792724609 18.65181541442871 124.8450317382812 18.17182350158691 C 123.475715637207 17.68381118774414 122.0933532714844 17.23109436035156 120.7005157470703 16.81417655944824 C 119.3106384277344 16.39814758300781 117.9103775024414 16.01778221130371 116.5022964477539 15.67358112335205 C 115.0972366333008 15.33011913299561 113.6844024658203 15.02267646789551 112.2662963867188 14.75174045562744 C 110.8512954711914 14.4813928604126 109.4310607910156 14.24739837646484 108.0081024169922 14.0502347946167 C 106.5509185791016 13.84832859039307 105.0863571166992 13.68445777893066 103.6170806884766 13.55858421325684 C 102.1511154174805 13.4329948425293 100.6804962158203 13.34523487091064 99.20783233642578 13.29526233673096 C 97.73851776123047 13.24540424346924 96.26717376708984 13.23316192626953 94.79639434814453 13.25849723815918 C 93.32894897460938 13.28377151489258 91.86207580566406 13.34645080566406 90.39830780029297 13.44649314880371 C 88.93787384033203 13.54630661010742 87.48101806640625 13.68327903747559 86.03024291992188 13.85685253143311 C 84.58274841308594 14.030029296875 83.14131164550781 14.23964595794678 81.70838165283203 14.48514652252197 C 80.27867126464844 14.73009490966797 78.85739135742188 15.01077270507812 77.44699096679688 15.32663536071777 C 76.03972625732422 15.64179801940918 74.64324951171875 15.99200248718262 73.25997924804688 16.37671279907227 C 71.91510009765625 16.75074768066406 70.57858276367188 17.15851593017578 69.25267791748047 17.59902763366699 C 67.92955780029297 18.03861427307129 66.61695861816406 18.51082229614258 65.31710052490234 19.01467704772949 C 64.01992797851562 19.51749420166016 62.73540115356445 20.05184745788574 61.4656867980957 20.61677551269531 C 60.19855117797852 21.1805591583252 58.94612503051758 21.77482795715332 57.71056747436523 22.39862823486328 C 56.50018310546875 23.00971603393555 55.30287933349609 23.65069198608398 54.12060546875 24.32021713256836 C 52.94057464599609 24.98847198486328 51.77547073364258 25.68520164489746 50.62720489501953 26.40907669067383 C 49.48107147216797 27.13161277770996 48.35166168212891 27.88123321533203 47.24088668823242 28.6566333770752 C 46.13210296630859 29.43063926696777 45.04183197021484 30.23038101196289 43.97195816040039 31.05456733703613 C 42.91452026367188 31.86916732788086 41.87464904785156 32.70944976806641 40.85398101806641 33.57378768920898 C 39.83500671386719 34.43669128417969 38.83510971069336 35.32362747192383 37.85590744018555 36.23297500610352 C 36.87826156616211 37.140869140625 35.92119979858398 38.0711784362793 34.98630905151367 39.02229690551758 C 34.0528450012207 39.97196578979492 33.14142608642578 40.94244766235352 32.2536506652832 41.93217849731445 C 31.36767768859863 42.91990661621094 30.50337791442871 43.92889785766602 29.66204833984375 44.9572868347168 C 28.82187843322754 45.9842643737793 28.00455474853516 47.03065490722656 27.21138763427734 48.09463882446289 C 26.41924667358398 49.15723037719727 25.65112686157227 50.23744201660156 24.90831756591797 51.33344650268555 C 24.16641807556152 52.42810821533203 23.4497127532959 53.53862380981445 22.75948333740234 54.66317367553711 C 22.06389808654785 55.79645538330078 21.39362716674805 56.94657897949219 20.7496223449707 58.11150741577148 C 20.10630416870117 59.27520370483398 19.48913955688477 60.45376205444336 18.89908218383789 61.64516448974609 C 18.30959892272949 62.83541107177734 17.74711990356445 64.03856658935547 17.21259880065918 65.25263977050781 C 16.67854690551758 66.46562194824219 16.17235374450684 67.68961334228516 15.69497776031494 68.92261505126953 C 15.20945262908936 70.17664337158203 14.75244808197021 71.44335174560547 14.32454872131348 72.72055816650391 C 13.89695167541504 73.99684143066406 13.49837970733643 75.28371429443359 13.12941455841064 76.57901000976562 C 12.76067733764648 77.87351989746094 12.42147445678711 79.17653656005859 12.11240386962891 80.48591613769531 C 11.80349254608154 81.79461669921875 11.52465057373047 83.10980224609375 11.2764778137207 84.42931365966797 C 11.02200031280518 85.78232574462891 10.79897499084473 87.144287109375 10.60758972167969 88.51287841796875 C 10.41626358032227 89.88100433349609 10.25653743743896 91.25591278076172 10.12860870361328 92.63527679443359 C 10.00070667266846 94.01435852050781 9.904575347900391 95.39802551269531 9.840421676635742 96.78398895263672 C 9.776274681091309 98.16981506347656 9.74409294128418 99.55809020996094 9.74409294128418 100.9465103149414 C 9.74409294128418 102.3349227905273 9.776274681091309 103.7231903076172 9.840421676635742 105.1090087890625 C 9.904575347900391 106.4949798583984 10.00070667266846 107.8786468505859 10.12860870361328 109.2577209472656 C 10.25653743743896 110.6370849609375 10.41626358032227 112.0119934082031 10.60758972167969 113.3801498413086 C 10.79897499084473 114.7487258911133 11.02200031280518 116.1106872558594 11.2764778137207 117.4637222290039 C 11.52465057373047 118.7832183837891 11.80349254608154 120.0984039306641 12.11240386962891 121.4071197509766 C 12.42147445678711 122.7164993286133 12.76067733764648 124.0195236206055 13.12941455841064 125.3140106201172 C 13.49837970733643 126.6092987060547 13.89695167541504 127.8961868286133 14.32454872131348 129.1724548339844 C 14.75244808197021 130.4496612548828 15.20945262908936 131.7163696289062 15.69497776031494 132.9703826904297 C 16.17235374450684 134.2033843994141 16.67854690551758 135.4273681640625 17.21259880065918 136.640380859375 C 17.74711990356445 137.8544464111328 18.30959892272949 139.0576019287109 18.89908218383789 140.2478485107422 C 19.48913955688477 141.4392547607422 20.10630416870117 142.6178131103516 20.7496223449707 143.7815093994141 C 21.39362716674805 144.9464416503906 22.06389808654785 146.0965728759766 22.75948333740234 147.2298583984375 C 23.4497127532959 148.3543853759766 24.16641807556152 149.4649047851562 24.90831756591797 150.5595855712891 C 25.65112686157227 151.6556091308594 26.41924667358398 152.7358093261719 27.21138763427734 153.7984008789062 C 28.00455474853516 154.8623657226562 28.82187843322754 155.9087677001953 29.66204833984375 156.9357452392578 C 30.50337791442871 157.9641418457031 31.36767768859863 158.9731292724609 32.2536506652832 159.9608306884766 C 33.14142608642578 160.9505615234375 34.0528450012207 161.9210662841797 34.98630905151367 162.8707427978516 C 35.92119979858398 163.8218536376953 36.87826156616211 164.7521667480469 37.85590744018555 165.6600646972656 C 38.83510971069336 166.5693969726562 39.83500671386719 167.4563293457031 40.85398101806641 168.3192291259766 C 41.87464904785156 169.18359375 42.91452026367188 170.0238647460938 43.97195816040039 170.8384552001953 C 45.04183197021484 171.6626434326172 46.13210296630859 172.4623718261719 47.24088668823242 173.2363891601562 C 48.35166168212891 174.0117950439453 49.48107147216797 174.7614135742188 50.62720489501953 175.4839324951172 C 51.77547073364258 176.2078247070312 52.94057464599609 176.9045257568359 54.12060546875 177.5727844238281 C 55.30287933349609 178.2423248291016 56.50018310546875 178.88330078125 57.71056747436523 179.4944000244141 C 58.94612503051758 180.1181945800781 60.19855117797852 180.7124481201172 61.4656867980957 181.2762298583984 C 62.73540115356445 181.8411712646484 64.01992797851562 182.3755187988281 65.31710052490234 182.8783111572266 C 66.61695861816406 183.3821563720703 67.92955780029297 183.8543701171875 69.25267791748047 184.2939605712891 C 70.57858276367188 184.7344818115234 71.91510009765625 185.1422271728516 73.25997924804688 185.5162658691406 C 74.64324951171875 185.9009704589844 76.03972625732422 186.2511749267578 77.44699096679688 186.5663452148438 C 78.85739135742188 186.8822326660156 80.27867126464844 187.1629028320312 81.70838165283203 187.4078369140625 C 83.14131164550781 187.6533508300781 84.58274841308594 187.8629608154297 86.03024291992188 188.0361328125 C 87.48101806640625 188.209716796875 88.93787384033203 188.3466949462891 90.39830780029297 188.4464874267578 M 90.39830780029297 189.4464874267578 C 78.50794219970703 188.6245422363281 67.384033203125 185.4237060546875 57.43437576293945 180.3921203613281 C 47.64095306396484 175.4395599365234 38.95211791992188 168.6966552734375 31.74884033203125 160.65869140625 C 24.62951850891113 152.7143859863281 18.92862319946289 143.4685821533203 15.02005672454834 133.3664855957031 C 11.13668155670166 123.3295059204102 8.999990463256836 112.3889083862305 8.999990463256836 100.9465026855469 C 8.999990463256836 89.50409698486328 11.13668155670166 78.56349182128906 15.02005767822266 68.52651214599609 C 18.92862701416016 58.42441940307617 24.62952041625977 49.17861938476562 31.74884414672852 41.23431396484375 C 38.95211791992188 33.19632339477539 47.64095306396484 26.45342826843262 57.43437576293945 21.50086784362793 C 67.384033203125 16.46929359436035 78.50794219970703 13.26842975616455 90.39830780029297 12.44649314880371 C 102.5137100219727 11.60900115966797 114.2708587646484 13.31887722015381 125.1518936157227 17.18766975402832 C 136.2160186767578 21.12156677246094 146.3404541015625 27.27553939819336 154.9632720947266 35.21163940429688 C 163.6980743408203 43.25082778930664 170.8502960205078 53.08023452758789 175.8373260498047 64.19938659667969 C 180.8610534667969 75.40035247802734 183.6549987792969 87.83712768554688 183.6549987792969 100.9464950561523 C 183.6549987792969 114.0558700561523 180.8610534667969 126.4926300048828 175.8373260498047 137.6935882568359 C 170.8502960205078 148.812744140625 163.6980743408203 158.6421661376953 154.9632720947266 166.6813507080078 C 146.3404541015625 174.6174468994141 136.2160186767578 180.7714385986328 125.1518936157227 184.7053070068359 C 114.2708587646484 188.5741271972656 102.5137100219727 190.2839813232422 90.39830780029297 189.4464874267578 Z" stroke="none" fill="#e26473"/>
    </g>
  </g>
</svg>


/////////////////////////////// hexa code for color #E26473 //////////////////////////////////